$ANSIBLE_VAULT;1.1;AES256
64336535353030353238353938373261393566653634323238613738346531613161613936623866
6435346633633639333762336663373233373961656335380a646434623763386537623030336532
62393739613566646461383039643765656662633165376132333338376666363339336566336637
6466393835633361320a303035646364386532386465363238313636323438313066363764336364
33356564336163303737326166373233383932353738356239313965303532636665393065323233
38356332613934643132623365663431323961316164386362653165366436393063333634663662
39646631313263623333366164396562353639623936323366643532313031363135633138633135
36663864316631343664346564346332343739653937333137613564393139666262643866363861
32366531646564366439653462613734303364306632646635613562663164613230633833303033
31653566366537323232393161656237383535383065653066643362376332383966383637323339
66636561616639623131343863343765346662326432666335396637623864353136333461326132
39336265363533336462353634663338626135326237313034366436383838396330376236663261
63383265376262643930313136613034666232643766386235336366386163383038393138383533
36636266303763646431306238393831353663663436376166326631636334363331613230333238
61636438613635336439366637326437646234666239346338656635316430346461346561376530
62633864663834653861343166653535303937633335646435613663366364653761353136663730
39343137303633363232663365306161616133393732313963666332323165613834646238323930
66373935363135623563363435303934643732373039613135383639376565383066613838353931
37326236373931343863653863303332646461303134343866313266376664316538303963646562
37663437326133356630636634326436396138616162363263653130333531613534333363336437
32373766656530656430393764633764616335303638373831383365346465643035396630626435
63396638366237316332663861636434326430303433393437633030613539356232653631306130
39386537616664386362343039353236303261643133636233653933353337326337613865336234
31316365396366663764326666666266393936313236646430366331623366373932343962326365
37373536383665393239393362616665366631363537613064346664623961386161353334303734
62663264373935363631666265646135303630373638663164336232383063353532373035363531
61633431623836333764376137613466343732656537393335333563633235666537633933396566
61323865626165353533623466323863326635373831353566653761376135613239316434326533
33613731663464663631376439646633346335666533666363363931366263356663653331316431
32653634306330383438663862353332393365396238633334316536393232313965396264346635
33326339323336633635316236626137376664633162393633373331323833653161636663313939
63373431346563616665303635623535663761303035326164383165353537323732646635643330
39653266313262353532373339313666376461323133323034616635313538393731366232653366
64616331626230333036336338653962653434316230653534613365323030316637333837613736
31356166343761666334346462613362306438323865616365623861663061393164336566633634
31646234303865356266663465636633663433303366376639653138393330303061303864356131
33396263663234376664306432373265323363363939616332643638383837653531653233383730
62333464313564306435333539656134333430646330393562313833643832313434653531396131
63366638656539326230363930633131646263383666643033306362643166376132343138636666
61363337313030623566363966666431356233363865333737653531376535653665633035373230
33383030353166373864633065653735346535323962366539646232626231303961626666643564
64616463643433653836636232313137316165313030366364343330366161646264326434613136
38346635373337663066323137376436336666623836636561336335643062383962616239643365
30356466656335326339373765306666616632326661313831393764373733663065356432613036
30653563356630383364656262656631653461323438363463343362353339656233386563613433
31656365623463616566366530343039373935343131346630633265323563616433313936613133
62653933383462623934366364323433633464383931363431373030303164643762323064323766
34643363323132323965393131616336353665636365653561366238663463633138643663306330
61663639386131623835316634353035333239333332323632313461323665303166326437646562
31336464646666376361343730656330373735613964643630373765363932623061383731636565
32653863353162323763343333366566643438333334396236353833313437373938353965333133
65363165303132656466326363386431316430383564656631623832646462633635353138376533
35326233383934373065396130613132396436363930653134616662396132366632643630666535
65373137653430346665343335363035313963306138373661326466663833663266376635373465
36373266333239613331633038326432356639393464613162376234663835393661313361623965
33363935356365346161
